"","GEOCODE","CDUID.x","GEOLABEL","allHouses","lt1PPerRoom","gt1PPerRoom","pcGt1PPerRoom","CDUID.y","allHouseholds","ownerOccupied","notOO","pcNotOO"
"1","E06000001",1211007,"Hartlepool",40434,40054,380,0.94,1211007,40434,24194,16240,40.16
"2","E06000002",1211008,"Middlesbrough",57203,56221,982,1.72,1211008,57203,32723,24480,42.79
"3","E06000003",1211009,"Redcar and Cleveland",59605,59142,463,0.78,1211009,59605,39705,19900,33.39
"4","E06000004",1211010,"Stockton-on-Tees",79159,78419,740,0.93,1211010,79159,54225,24934,31.5
"5","E06000005",1211011,"Darlington",46670,46272,398,0.85,1211011,46670,30289,16381,35.1
"6","E06000006",1211012,"Halton",53312,52789,523,0.98,1211012,53312,33796,19516,36.61
"7","E06000007",1211013,"Warrington",85140,84413,727,0.85,1211013,85140,60915,24225,28.45
"8","E06000008",1211014,"Blackburn with Darwen",57353,55850,1503,2.62,1211014,57353,36793,20560,35.85
"9","E06000009",1211015,"Blackpool",64367,63764,603,0.94,1211015,64367,39650,24717,38.4
"10","E06000010",1211016,"Kingston upon Hull, City of",112596,110759,1837,1.63,1211016,112596,55785,56811,50.46
"11","E06000011",1211017,"East Riding of Yorkshire",143032,142155,877,0.61,1211017,143032,107706,35326,24.7
"12","E06000012",1211018,"North East Lincolnshire",69707,69109,598,0.86,1211018,69707,46070,23637,33.91
"13","E06000013",1211019,"North Lincolnshire",70684,69968,716,1.01,1211019,70684,49137,21547,30.48
"14","E06000014",1211020,"York",83552,82701,851,1.02,1211020,83552,55227,28325,33.9
"15","E06000015",1211021,"Derby",102271,100189,2082,2.04,1211021,102271,62765,39506,38.63
"16","E06000016",1211022,"Leicester",123125,117145,5980,4.86,1211022,123125,61170,61955,50.32
"17","E06000017",1211023,"Rutland",15002,14930,72,0.48,1211023,15002,10556,4446,29.64
"18","E06000018",1211024,"Nottingham",126131,122910,3221,2.55,1211024,126131,56867,69264,54.91
"19","E06000019",1211025,"Herefordshire, County of",78319,77468,851,1.09,1211025,78319,53014,25305,32.31
"20","E06000020",1211026,"Telford and Wrekin",66608,65692,916,1.38,1211026,66608,42417,24191,36.32
"21","E06000021",1211027,"Stoke-on-Trent",107575,105711,1864,1.73,1211027,107575,63928,43647,40.57
"22","E06000022",1211028,"Bath and North East Somerset",73515,72824,691,0.94,1211028,73515,49068,24447,33.25
"23","E06000023",1211029,"Bristol, City of",182747,178623,4124,2.26,1211029,182747,98708,84039,45.99
"24","E06000024",1211030,"North Somerset",88227,87661,566,0.64,1211030,88227,64365,23862,27.05
"25","E06000025",1211031,"South Gloucestershire",107538,106622,916,0.85,1211031,107538,80586,26952,25.06
"26","E06000026",1211032,"Plymouth",109307,107758,1549,1.42,1211032,109307,64157,45150,41.31
"27","E06000027",1211033,"Torbay",59010,58428,582,0.99,1211033,59010,39424,19586,33.19
"28","E06000028",1211034,"Bournemouth",82374,80889,1485,1.8,1211034,82374,47057,35317,42.87
"29","E06000029",1211035,"Poole",63530,62762,768,1.21,1211035,63530,44702,18828,29.64
"30","E06000030",1211036,"Swindon",88360,86912,1448,1.64,1211036,88360,57902,30458,34.47
"31","E06000031",1211037,"Peterborough",74023,72186,1837,2.48,1211037,74023,43877,30146,40.73
"32","E06000032",1211038,"Luton",74293,69839,4454,6,1211038,74293,44696,29597,39.84
"33","E06000033",1211039,"Southend-on-Sea",74678,73354,1324,1.77,1211039,74678,48666,26012,34.83
"34","E06000034",1211040,"Thurrock",62353,60793,1560,2.5,1211040,62353,41278,21075,33.8
"35","E06000035",1211041,"Medway",106209,104459,1750,1.65,1211041,106209,71853,34356,32.35
"36","E06000036",1211042,"Bracknell Forest",45878,45320,558,1.22,1211042,45878,31419,14459,31.52
"37","E06000037",1211043,"West Berkshire",62340,61749,591,0.95,1211043,62340,43435,18905,30.33
"38","E06000038",1211044,"Reading",62869,60830,2039,3.24,1211044,62869,34479,28390,45.16
"39","E06000039",1211045,"Slough",50766,46847,3919,7.72,1211045,50766,26755,24011,47.3
"40","E06000040",1211046,"Windsor and Maidenhead",58349,57469,880,1.51,1211046,58349,39676,18673,32
"41","E06000041",1211047,"Wokingham",60332,59792,540,0.9,1211047,60332,48103,12229,20.27
"42","E06000042",1211048,"Milton Keynes",98584,95962,2622,2.66,1211048,98584,56913,41671,42.27
"43","E06000043",1211049,"Brighton and Hove",121540,119122,2418,1.99,1211049,121540,64790,56750,46.69
"44","E06000044",1211050,"Portsmouth",85473,83840,1633,1.91,1211050,85473,46897,38576,45.13
"45","E06000045",1211051,"Southampton",98254,95528,2726,2.77,1211051,98254,48873,49381,50.26
"46","E06000046",1211052,"Isle of Wight",61085,60501,584,0.96,1211052,61085,42817,18268,29.91
"47","E06000047",1211053,"County Durham",223803,222121,1682,0.75,1211053,223803,147347,76456,34.16
"48","E06000048",1211054,"Northumberland",138534,137549,985,0.71,1211054,138534,91207,47327,34.16
"49","E06000049",1211055,"Cheshire East",159441,158315,1126,0.71,1211055,159441,118766,40675,25.51
"50","E06000050",1211056,"Cheshire West and Chester",141442,140327,1115,0.79,1211056,141442,100105,41337,29.23
"51","E06000051",1211057,"Shropshire",129674,128641,1033,0.8,1211057,129674,89688,39986,30.84
"52","E06000052",1211058,"Cornwall",230389,227802,2587,1.12,1211058,230389,158524,71865,31.19
"53","E06000053",1211059,"Isles of Scilly",989,975,14,1.42,1211059,989,412,577,58.34
"54","E06000054",1211060,"Wiltshire",194194,192384,1810,0.93,1211060,194194,131083,63111,32.5
"55","E06000055",1211061,"Bedford",63812,62525,1287,2.02,1211061,63812,41937,21875,34.28
"56","E06000056",1211062,"Central Bedfordshire",104399,103442,957,0.92,1211062,104399,75743,28656,27.45
"57","E07000004",1211063,"Aylesbury Vale",69406,68247,1159,1.67,1211063,69406,49702,19704,28.39
"58","E07000005",1211064,"Chiltern",36946,36578,368,1,1211064,36946,28418,8528,23.08
"59","E07000006",1211065,"South Bucks",26514,26270,244,0.92,1211065,26514,19453,7061,26.63
"60","E07000007",1211066,"Wycombe",67861,66369,1492,2.2,1211066,67861,47279,20582,30.33
"61","E07000008",1211067,"Cambridge",46714,45685,1029,2.2,1211067,46714,22171,24543,52.54
"62","E07000009",1211068,"East Cambridgeshire",34614,34305,309,0.89,1211068,34614,23719,10895,31.48
"63","E07000010",1211069,"Fenland",40620,40065,555,1.37,1211069,40620,28436,12184,30
"64","E07000011",1211070,"Huntingdonshire",69333,68649,684,0.99,1211070,69333,49398,19935,28.75
"65","E07000012",1211071,"South Cambridgeshire",59960,59393,567,0.95,1211071,59960,42129,17831,29.74
"66","E07000026",1211072,"Allerdale",42345,42093,252,0.6,1211072,42345,29217,13128,31
"67","E07000027",1211073,"Barrow-in-Furness",31224,31005,219,0.7,1211073,31224,22938,8286,26.54
"68","E07000028",1211074,"Carlisle",48342,47958,384,0.79,1211074,48342,32999,15343,31.74
"69","E07000029",1211075,"Copeland",30536,30306,230,0.75,1211075,30536,21671,8865,29.03
"70","E07000030",1211076,"Eden",23043,22936,107,0.46,1211076,23043,16258,6785,29.44
"71","E07000031",1211077,"South Lakeland",46552,46305,247,0.53,1211077,46552,33967,12585,27.03
"72","E07000032",1211078,"Amber Valley",52596,52224,372,0.71,1211078,52596,38974,13622,25.9
"73","E07000033",1211079,"Bolsover",32801,32531,270,0.82,1211079,32801,21963,10838,33.04
"74","E07000034",1211080,"Chesterfield",46796,46382,414,0.88,1211080,46796,29547,17249,36.86
"75","E07000035",1211081,"Derbyshire Dales",30744,30562,182,0.59,1211081,30744,22269,8475,27.57
"76","E07000036",1211082,"Erewash",48692,48312,380,0.78,1211082,48692,35290,13402,27.52
"77","E07000037",1211083,"High Peak",38946,38642,304,0.78,1211083,38946,28059,10887,27.95
"78","E07000038",1211084,"North East Derbyshire",43070,42768,302,0.7,1211084,43070,30531,12539,29.11
"79","E07000039",1211085,"South Derbyshire",38992,38692,300,0.77,1211085,38992,29416,9576,24.56
"80","E07000040",1211086,"East Devon",59071,58635,436,0.74,1211086,59071,44283,14788,25.03
"81","E07000041",1211087,"Exeter",49242,48569,673,1.37,1211087,49242,29443,19799,40.21
"82","E07000042",1211088,"Mid Devon",32758,32433,325,0.99,1211088,32758,22626,10132,30.93
"83","E07000043",1211089,"North Devon",40001,39642,359,0.9,1211089,40001,27383,12618,31.54
"84","E07000044",1211090,"South Hams",36858,36584,274,0.74,1211090,36858,26440,10418,28.27
"85","E07000045",1211091,"Teignbridge",54003,53584,419,0.78,1211091,54003,39678,14325,26.53
"86","E07000046",1211092,"Torridge",27986,27799,187,0.67,1211092,27986,19998,7988,28.54
"87","E07000047",1211093,"West Devon",22725,22557,168,0.74,1211093,22725,16630,6095,26.82
"88","E07000048",1211094,"Christchurch",21475,21301,174,0.81,1211094,21475,15967,5508,25.65
"89","E07000049",1211095,"East Dorset",37564,37314,250,0.67,1211095,37564,30371,7193,19.15
"90","E07000050",1211096,"North Dorset",28670,28406,264,0.92,1211096,28670,20002,8668,30.23
"91","E07000051",1211097,"Purbeck",19583,19401,182,0.93,1211097,19583,13613,5970,30.49
"92","E07000052",1211098,"West Dorset",44386,44043,343,0.77,1211098,44386,30823,13563,30.56
"93","E07000053",1211099,"Weymouth and Portland",28535,28200,335,1.17,1211099,28535,19061,9474,33.2
"94","E07000061",1211100,"Eastbourne",45012,44318,694,1.54,1211100,45012,27788,17224,38.27
"95","E07000062",1211101,"Hastings",41159,40496,663,1.61,1211101,41159,22706,18453,44.83
"96","E07000063",1211102,"Lewes",42181,41775,406,0.96,1211102,42181,30648,11533,27.34
"97","E07000064",1211103,"Rother",40877,40460,417,1.02,1211103,40877,30060,10817,26.46
"98","E07000065",1211104,"Wealden",62676,62166,510,0.81,1211104,62676,49355,13321,21.25
"99","E07000066",1211105,"Basildon",72746,71607,1139,1.57,1211105,72746,47972,24774,34.06
"100","E07000067",1211106,"Braintree",61043,60458,585,0.96,1211106,61043,41872,19171,31.41
"101","E07000068",1211107,"Brentwood",30646,30338,308,1.01,1211107,30646,23028,7618,24.86
"102","E07000069",1211108,"Castle Point",36440,36142,298,0.82,1211108,36440,30101,6339,17.4
"103","E07000070",1211109,"Chelmsford",69667,68946,721,1.03,1211109,69667,50978,18689,26.83
"104","E07000071",1211110,"Colchester",71634,70809,825,1.15,1211110,71634,47507,24127,33.68
"105","E07000072",1211111,"Epping Forest",51991,51371,620,1.19,1211111,51991,37565,14426,27.75
"106","E07000073",1211112,"Harlow",34620,33822,798,2.31,1211112,34620,19429,15191,43.88
"107","E07000074",1211113,"Maldon",25817,25632,185,0.72,1211113,25817,20251,5566,21.56
"108","E07000075",1211114,"Rochford",33564,33284,280,0.83,1211114,33564,27822,5742,17.11
"109","E07000076",1211115,"Tendring",62105,61496,609,0.98,1211115,62105,45752,16353,26.33
"110","E07000077",1211116,"Uttlesford",31316,31059,257,0.82,1211116,31316,22425,8891,28.39
"111","E07000078",1211117,"Cheltenham",50929,50334,595,1.17,1211117,50929,32879,18050,35.44
"112","E07000079",1211118,"Cotswold",36236,35986,250,0.69,1211118,36236,23803,12433,34.31
"113","E07000080",1211119,"Forest of Dean",34167,33879,288,0.84,1211119,34167,25371,8796,25.74
"114","E07000081",1211120,"Gloucester",50363,49571,792,1.57,1211120,50363,33858,16505,32.77
"115","E07000082",1211121,"Stroud",47794,47430,364,0.76,1211121,47794,34988,12806,26.79
"116","E07000083",1211122,"Tewkesbury",35126,34859,267,0.76,1211122,35126,25844,9282,26.42
"117","E07000084",1211123,"Basingstoke and Deane",69315,68515,800,1.15,1211123,69315,46936,22379,32.29
"118","E07000085",1211124,"East Hampshire",47258,46790,468,0.99,1211124,47258,34919,12339,26.11
"119","E07000086",1211125,"Eastleigh",52177,51677,500,0.96,1211125,52177,38362,13815,26.48
"120","E07000087",1211126,"Fareham",46579,46222,357,0.77,1211126,46579,37460,9119,19.58
"121","E07000088",1211127,"Gosport",35430,35002,428,1.21,1211127,35430,23115,12315,34.76
"122","E07000089",1211128,"Hart",35510,35229,281,0.79,1211128,35510,27747,7763,21.86
"123","E07000090",1211129,"Havant",51311,50563,748,1.46,1211129,51311,35387,15924,31.03
"124","E07000091",1211130,"New Forest",76839,76208,631,0.82,1211130,76839,57603,19236,25.03
"125","E07000092",1211131,"Rushmoor",36344,35350,994,2.73,1211131,36344,23089,13255,36.47
"126","E07000093",1211132,"Test Valley",47626,47232,394,0.83,1211132,47626,33501,14125,29.66
"127","E07000094",1211133,"Winchester",46865,46421,444,0.95,1211133,46865,31646,15219,32.47
"128","E07000095",1211134,"Broxbourne",37658,36888,770,2.04,1211134,37658,27460,10198,27.08
"129","E07000096",1211135,"Dacorum",59938,59244,694,1.16,1211135,59938,38877,21061,35.14
"130","E07000097",1211136,"East Hertfordshire",56577,56068,509,0.9,1211136,56577,40665,15912,28.12
"131","E07000098",1211137,"Hertsmere",39778,39033,745,1.87,1211137,39778,26897,12881,32.38
"132","E07000099",1211138,"North Hertfordshire",53426,52918,508,0.95,1211138,53426,35072,18354,34.35
"133","E07000100",1211139,"St Albans",56140,55409,731,1.3,1211139,56140,40831,15309,27.27
"134","E07000101",1211140,"Stevenage",34898,34321,577,1.65,1211140,34898,20339,14559,41.72
"135","E07000102",1211141,"Three Rivers",35108,34644,464,1.32,1211141,35108,25532,9576,27.28
"136","E07000103",1211142,"Watford",36681,35441,1240,3.38,1211142,36681,22608,14073,38.37
"137","E07000104",1211143,"Welwyn Hatfield",43613,42859,754,1.73,1211143,43613,24995,18618,42.69
"138","E07000105",1211144,"Ashford",47787,47138,649,1.36,1211144,47787,32685,15102,31.6
"139","E07000106",1211145,"Canterbury",60771,60016,755,1.24,1211145,60771,40107,20664,34
"140","E07000107",1211146,"Dartford",40081,39284,797,1.99,1211146,40081,26819,13262,33.09
"141","E07000108",1211147,"Dover",48310,47494,816,1.69,1211147,48310,32142,16168,33.47
"142","E07000109",1211148,"Gravesham",40431,39456,975,2.41,1211148,40431,26099,14332,35.45
"143","E07000110",1211149,"Maidstone",63447,62535,912,1.44,1211149,63447,44700,18747,29.55
"144","E07000111",1211150,"Sevenoaks",47020,46584,436,0.93,1211150,47020,34200,12820,27.26
"145","E07000112",1211151,"Shepway",47379,46582,797,1.68,1211151,47379,30715,16664,35.17
"146","E07000113",1211152,"Swale",55585,54821,764,1.37,1211152,55585,37951,17634,31.72
"147","E07000114",1211153,"Thanet",59513,58518,995,1.67,1211153,59513,36907,22606,37.98
"148","E07000115",1211154,"Tonbridge and Malling",48140,47642,498,1.03,1211154,48140,34246,13894,28.86
"149","E07000116",1211155,"Tunbridge Wells",47174,46326,848,1.8,1211155,47174,30999,16175,34.29
"150","E07000117",1211156,"Burnley",37550,36918,632,1.68,1211156,37550,24408,13142,35
"151","E07000118",1211157,"Chorley",44919,44574,345,0.77,1211157,44919,33783,11136,24.79
"152","E07000119",1211158,"Fylde",34885,34728,157,0.45,1211158,34885,25622,9263,26.55
"153","E07000120",1211159,"Hyndburn",34341,33778,563,1.64,1211159,34341,23238,11103,32.33
"154","E07000121",1211160,"Lancaster",57822,57335,487,0.84,1211160,57822,39999,17823,30.82
"155","E07000122",1211161,"Pendle",37348,36534,814,2.18,1211161,37348,25580,11768,31.51
"156","E07000123",1211162,"Preston",57567,56616,951,1.65,1211162,57567,34909,22658,39.36
"157","E07000124",1211163,"Ribble Valley",24045,23949,96,0.4,1211163,24045,18423,5622,23.38
"158","E07000125",1211164,"Rossendale",29058,28682,376,1.29,1211164,29058,20250,8808,30.31
"159","E07000126",1211165,"South Ribble",46102,45789,313,0.68,1211165,46102,36337,9765,21.18
"160","E07000127",1211166,"West Lancashire",45381,45068,313,0.69,1211166,45381,33122,12259,27.01
"161","E07000128",1211167,"Wyre",47281,46985,296,0.63,1211167,47281,36676,10605,22.43
"162","E07000129",1211168,"Blaby",38686,38409,277,0.72,1211168,38686,31309,7377,19.07
"163","E07000130",1211169,"Charnwood",66516,65824,692,1.04,1211169,66516,47961,18555,27.9
"164","E07000131",1211170,"Harborough",34898,34706,192,0.55,1211170,34898,27238,7660,21.95
"165","E07000132",1211171,"Hinckley and Bosworth",45377,45073,304,0.67,1211171,45377,34826,10551,23.25
"166","E07000133",1211172,"Melton",21490,21356,134,0.62,1211172,21490,15498,5992,27.88
"167","E07000134",1211173,"North West Leicestershire",39128,38847,281,0.72,1211173,39128,28360,10768,27.52
"168","E07000135",1211174,"Oadby and Wigston",21339,21093,246,1.15,1211174,21339,17239,4100,19.21
"169","E07000136",1211175,"Boston",27291,26797,494,1.81,1211175,27291,17430,9861,36.13
"170","E07000137",1211176,"East Lindsey",60890,60435,455,0.75,1211176,60890,42137,18753,30.8
"171","E07000138",1211177,"Lincoln",39825,39226,599,1.5,1211177,39825,21932,17893,44.93
"172","E07000139",1211178,"North Kesteven",45972,45749,223,0.49,1211178,45972,34187,11785,25.64
"173","E07000140",1211179,"South Holland",37264,36802,462,1.24,1211179,37264,27035,10229,27.45
"174","E07000141",1211180,"South Kesteven",57344,56998,346,0.6,1211180,57344,39809,17535,30.58
"175","E07000142",1211181,"West Lindsey",38385,38191,194,0.51,1211181,38385,27859,10526,27.42
"176","E07000143",1211182,"Breckland",54519,53900,619,1.14,1211182,54519,37427,17092,31.35
"177","E07000144",1211183,"Broadland",53336,53093,243,0.46,1211183,53336,42343,10993,20.61
"178","E07000145",1211184,"Great Yarmouth",42079,41489,590,1.4,1211184,42079,27073,15006,35.66
"179","E07000146",1211185,"King's Lynn and West Norfolk",62977,62191,786,1.25,1211185,62977,43707,19270,30.6
"180","E07000147",1211186,"North Norfolk",46046,45709,337,0.73,1211186,46046,32293,13753,29.87
"181","E07000148",1211187,"Norwich",60319,59546,773,1.28,1211187,60319,26442,33877,56.16
"182","E07000149",1211188,"South Norfolk",52809,52501,308,0.58,1211188,52809,39555,13254,25.1
"183","E07000150",1211189,"Corby",25215,24917,298,1.18,1211189,25215,15669,9546,37.86
"184","E07000151",1211190,"Daventry",31647,31419,228,0.72,1211190,31647,22688,8959,28.31
"185","E07000152",1211191,"East Northamptonshire",35662,35385,277,0.78,1211191,35662,25837,9825,27.55
"186","E07000153",1211192,"Kettering",39701,39328,373,0.94,1211192,39701,27562,12139,30.58
"187","E07000154",1211193,"Northampton",88731,86756,1975,2.23,1211193,88731,55622,33109,37.31
"188","E07000155",1211194,"South Northamptonshire",34717,34557,160,0.46,1211194,34717,26485,8232,23.71
"189","E07000156",1211195,"Wellingborough",32057,31661,396,1.24,1211195,32057,21286,10771,33.6
"190","E07000163",1211196,"Craven",24583,24431,152,0.62,1211196,24583,17973,6610,26.89
"191","E07000164",1211197,"Hambleton",38117,37937,180,0.47,1211197,38117,26508,11609,30.46
"192","E07000165",1211198,"Harrogate",67169,66690,479,0.71,1211198,67169,47738,19431,28.93
"193","E07000166",1211199,"Richmondshire",20207,20027,180,0.89,1211199,20207,12910,7297,36.11
"194","E07000167",1211200,"Ryedale",22524,22371,153,0.68,1211200,22524,15124,7400,32.85
"195","E07000168",1211201,"Scarborough",49435,48974,461,0.93,1211201,49435,32520,16915,34.22
"196","E07000169",1211202,"Selby",34559,34248,311,0.9,1211202,34559,25911,8648,25.02
"197","E07000170",1211203,"Ashfield",50931,50432,499,0.98,1211203,50931,35261,15670,30.77
"198","E07000171",1211204,"Bassetlaw",47667,47279,388,0.81,1211204,47667,33115,14552,30.53
"199","E07000172",1211205,"Broxtowe",46820,46459,361,0.77,1211205,46820,34270,12550,26.8
"200","E07000173",1211206,"Gedling",49349,48963,386,0.78,1211206,49349,37138,12211,24.74
"201","E07000174",1211207,"Mansfield",44928,44444,484,1.08,1211207,44928,29908,15020,33.43
"202","E07000175",1211208,"Newark and Sherwood",48773,48380,393,0.81,1211208,48773,34455,14318,29.36
"203","E07000176",1211209,"Rushcliffe",45835,45589,246,0.54,1211209,45835,35142,10693,23.33
"204","E07000177",1211210,"Cherwell",56728,55917,811,1.43,1211210,56728,39303,17425,30.72
"205","E07000178",1211211,"Oxford",55375,53769,1606,2.9,1211211,55375,25873,29502,53.28
"206","E07000179",1211212,"South Oxfordshire",54104,53634,470,0.87,1211212,54104,39461,14643,27.06
"207","E07000180",1211213,"Vale of White Horse",49407,48948,459,0.93,1211213,49407,34750,14657,29.67
"208","E07000181",1211214,"West Oxfordshire",43241,42883,358,0.83,1211214,43241,30141,13100,30.3
"209","E07000187",1211215,"Mendip",46157,45735,422,0.91,1211215,46157,32438,13719,29.72
"210","E07000188",1211216,"Sedgemoor",48801,48368,433,0.89,1211216,48801,34802,13999,28.69
"211","E07000189",1211217,"South Somerset",69501,68812,689,0.99,1211217,69501,48855,20646,29.71
"212","E07000190",1211218,"Taunton Deane",46907,46400,507,1.08,1211218,46907,31393,15514,33.07
"213","E07000191",1211219,"West Somerset",15623,15473,150,0.96,1211219,15623,10421,5202,33.3
"214","E07000192",1211220,"Cannock Chase",40664,40225,439,1.08,1211220,40664,28106,12558,30.88
"215","E07000193",1211221,"East Staffordshire",47251,46635,616,1.3,1211221,47251,32879,14372,30.42
"216","E07000194",1211222,"Lichfield",41224,40851,373,0.9,1211222,41224,31155,10069,24.43
"217","E07000195",1211223,"Newcastle-under-Lyme",52574,52132,442,0.84,1211223,52574,36332,16242,30.89
"218","E07000196",1211224,"South Staffordshire",44458,44197,261,0.59,1211224,44458,33669,10789,24.27
"219","E07000197",1211225,"Stafford",55703,55319,384,0.69,1211225,55703,39880,15823,28.41
"220","E07000198",1211226,"Staffordshire Moorlands",41772,41492,280,0.67,1211226,41772,33288,8484,20.31
"221","E07000199",1211227,"Tamworth",31617,31254,363,1.15,1211227,31617,21575,10042,31.76
"222","E07000200",1211228,"Babergh",37522,37241,281,0.75,1211228,37522,26981,10541,28.09
"223","E07000201",1211229,"Forest Heath",25376,25063,313,1.23,1211229,25376,14174,11202,44.14
"224","E07000202",1211230,"Ipswich",57298,56376,922,1.61,1211230,57298,32467,24831,43.34
"225","E07000203",1211231,"Mid Suffolk",40306,40037,269,0.67,1211231,40306,30262,10044,24.92
"226","E07000204",1211232,"St Edmundsbury",45802,45324,478,1.04,1211232,45802,30626,15176,33.13
"227","E07000205",1211233,"Suffolk Coastal",53558,53241,317,0.59,1211233,53558,39193,14365,26.82
"228","E07000206",1211234,"Waveney",50883,50461,422,0.83,1211234,50883,35290,15593,30.64
"229","E07000207",1211235,"Elmbridge",52922,52360,562,1.06,1211235,52922,38660,14262,26.95
"230","E07000208",1211236,"Epsom and Ewell",29784,29365,419,1.41,1211236,29784,22931,6853,23.01
"231","E07000209",1211237,"Guildford",53973,53347,626,1.16,1211237,53973,37148,16825,31.17
"232","E07000210",1211238,"Mole Valley",35828,35437,391,1.09,1211238,35828,26362,9466,26.42
"233","E07000211",1211239,"Reigate and Banstead",55423,54598,825,1.49,1211239,55423,40486,14937,26.95
"234","E07000212",1211240,"Runnymede",32714,32235,479,1.46,1211240,32714,22731,9983,30.52
"235","E07000213",1211241,"Spelthorne",39512,38728,784,1.98,1211241,39512,28671,10841,27.44
"236","E07000214",1211242,"Surrey Heath",33546,33143,403,1.2,1211242,33546,25769,7777,23.18
"237","E07000215",1211243,"Tandridge",33342,32988,354,1.06,1211243,33342,25302,8040,24.11
"238","E07000216",1211244,"Waverley",49280,48847,433,0.88,1211244,49280,36295,12985,26.35
"239","E07000217",1211245,"Woking",39467,38602,865,2.19,1211245,39467,27829,11638,29.49
"240","E07000218",1211246,"North Warwickshire",25812,25621,191,0.74,1211246,25812,18686,7126,27.61
"241","E07000219",1211247,"Nuneaton and Bedworth",52711,52175,536,1.02,1211247,52711,37617,15094,28.64
"242","E07000220",1211248,"Rugby",41875,41428,447,1.07,1211248,41875,29086,12789,30.54
"243","E07000221",1211249,"Stratford-on-Avon",51928,51616,312,0.6,1211249,51928,37304,14624,28.16
"244","E07000222",1211250,"Warwick",58679,58142,537,0.92,1211250,58679,39111,19568,33.35
"245","E07000223",1211251,"Adur",26957,26665,292,1.08,1211251,26957,19883,7074,26.24
"246","E07000224",1211252,"Arun",66706,65877,829,1.24,1211252,66706,49254,17452,26.16
"247","E07000225",1211253,"Chichester",49848,49402,446,0.89,1211253,49848,33481,16367,32.83
"248","E07000226",1211254,"Crawley",42727,41552,1175,2.75,1211254,42727,25228,17499,40.96
"249","E07000227",1211255,"Horsham",54923,54456,467,0.85,1211255,54923,40926,13997,25.48
"250","E07000228",1211256,"Mid Sussex",57409,56822,587,1.02,1211256,57409,42658,14751,25.69
"251","E07000229",1211257,"Worthing",47044,46404,640,1.36,1211257,47044,32621,14423,30.66
"252","E07000234",1211258,"Bromsgrove",38290,38120,170,0.44,1211258,38290,30436,7854,20.51
"253","E07000235",1211259,"Malvern Hills",32212,32005,207,0.64,1211259,32212,23146,9066,28.14
"254","E07000236",1211260,"Redditch",34722,34141,581,1.67,1211260,34722,22796,11926,34.35
"255","E07000237",1211261,"Worcester",42042,41544,498,1.18,1211261,42042,27077,14965,35.6
"256","E07000238",1211262,"Wychavon",49466,49086,380,0.77,1211262,49466,35973,13493,27.28
"257","E07000239",1211263,"Wyre Forest",42985,42650,335,0.78,1211263,42985,30360,12625,29.37
"258","E08000001",1211264,"Bolton",116371,113953,2418,2.08,1211264,116371,74170,42201,36.26
"259","E08000002",1211265,"Bury",78113,77027,1086,1.39,1211265,78113,54395,23718,30.36
"260","E08000003",1211266,"Manchester",204969,197956,7013,3.42,1211266,204969,77395,127574,62.24
"261","E08000004",1211267,"Oldham",89703,86866,2837,3.16,1211267,89703,58259,31444,35.05
"262","E08000005",1211268,"Rochdale",87552,85347,2205,2.52,1211268,87552,54149,33403,38.15
"263","E08000006",1211269,"Salford",103556,101790,1766,1.71,1211269,103556,52126,51430,49.66
"264","E08000007",1211270,"Stockport",121979,120904,1075,0.88,1211270,121979,89316,32663,26.78
"265","E08000008",1211271,"Tameside",94953,93513,1440,1.52,1211271,94953,60558,34395,36.22
"266","E08000009",1211272,"Trafford",94484,93376,1108,1.17,1211272,94484,65440,29044,30.74
"267","E08000010",1211273,"Wigan",136386,135085,1301,0.95,1211273,136386,92559,43827,32.13
"268","E08000011",1211274,"Knowsley",61323,60558,765,1.25,1211274,61323,37896,23427,38.2
"269","E08000012",1211275,"Liverpool",206515,203789,2726,1.32,1211275,206515,96947,109568,53.06
"270","E08000013",1211276,"St. Helens",75736,75034,702,0.93,1211276,75736,50952,24784,32.72
"271","E08000014",1211277,"Sefton",117930,116970,960,0.81,1211277,117930,83137,34793,29.5
"272","E08000015",1211278,"Wirral",140583,139686,897,0.64,1211278,140583,94843,45740,32.54
"273","E08000016",1211279,"Barnsley",100734,99752,982,0.97,1211279,100734,64807,35927,35.67
"274","E08000017",1211280,"Doncaster",126487,124737,1750,1.38,1211280,126487,82760,43727,34.57
"275","E08000018",1211281,"Rotherham",108293,106782,1511,1.4,1211281,108293,70610,37683,34.8
"276","E08000019",1211282,"Sheffield",229928,224788,5140,2.24,1211282,229928,134127,95801,41.67
"277","E08000020",1211283,"Gateshead",89154,88136,1018,1.14,1211283,89154,51915,37239,41.77
"278","E08000021",1211284,"Newcastle upon Tyne",117153,115183,1970,1.68,1211284,117153,57955,59198,50.53
"279","E08000022",1211285,"North Tyneside",91295,90708,587,0.64,1211285,91295,59136,32159,35.23
"280","E08000023",1211286,"South Tyneside",67167,66553,614,0.91,1211286,67167,38333,28834,42.93
"281","E08000024",1211287,"Sunderland",119758,118402,1356,1.13,1211287,119758,71566,48192,40.24
"282","E08000025",1211288,"Birmingham",410736,393740,16996,4.14,1211288,410736,226616,184120,44.83
"283","E08000026",1211289,"Coventry",128592,125584,3008,2.34,1211289,128592,77880,50712,39.44
"284","E08000027",1211290,"Dudley",129867,127919,1948,1.5,1211290,129867,89304,40563,31.23
"285","E08000028",1211291,"Sandwell",121498,117868,3630,2.99,1211291,121498,69135,52363,43.1
"286","E08000029",1211292,"Solihull",86056,85321,735,0.85,1211292,86056,63559,22497,26.14
"287","E08000030",1211293,"Walsall",107822,105325,2497,2.32,1211293,107822,67265,40557,37.61
"288","E08000031",1211294,"Wolverhampton",102177,100018,2159,2.11,1211294,102177,57812,44365,43.42
"289","E08000032",1211295,"Bradford",199296,191811,7485,3.76,1211295,199296,129550,69746,35
"290","E08000033",1211296,"Calderdale",88621,87309,1312,1.48,1211296,88621,58981,29640,33.45
"291","E08000034",1211297,"Kirklees",173525,169448,4077,2.35,1211297,173525,116361,57164,32.94
"292","E08000035",1211298,"Leeds",320596,315101,5495,1.71,1211298,320596,186467,134129,41.84
"293","E08000036",1211299,"Wakefield",140414,138742,1672,1.19,1211299,140414,89291,51123,36.41
"294","E09000001",1211300,"City of London",4385,4253,132,3.01,1211300,4385,1855,2530,57.7
"295","E09000002",1211301,"Barking and Dagenham",69681,64519,5162,7.41,1211301,69681,32324,37357,53.61
"296","E09000003",1211302,"Barnet",135916,128761,7155,5.26,1211302,135916,78350,57566,42.35
"297","E09000004",1211303,"Bexley",92604,90653,1951,2.11,1211303,92604,67154,25450,27.48
"298","E09000005",1211304,"Brent",110286,98357,11929,10.82,1211304,110286,47324,62962,57.09
"299","E09000006",1211305,"Bromley",130862,128883,1979,1.51,1211305,130862,92785,38077,29.1
"300","E09000007",1211306,"Camden",97534,91878,5656,5.8,1211306,97534,31368,66166,67.84
"301","E09000008",1211307,"Croydon",145010,138661,6349,4.38,1211307,145010,85230,59780,41.22
"302","E09000009",1211308,"Ealing",124082,114227,9855,7.94,1211308,124082,63420,60662,48.89
"303","E09000010",1211309,"Enfield",119916,113095,6821,5.69,1211309,119916,69462,50454,42.07
"304","E09000011",1211310,"Greenwich",101045,95272,5773,5.71,1211310,101045,43719,57326,56.73
"305","E09000012",1211311,"Hackney",101690,93696,7994,7.86,1211311,101690,24179,77511,76.22
"306","E09000013",1211312,"Hammersmith and Fulham",80590,76253,4337,5.38,1211312,80590,27397,53193,66
"307","E09000014",1211313,"Haringey",101955,94023,7932,7.78,1211313,101955,39603,62352,61.16
"308","E09000015",1211314,"Harrow",84268,79035,5233,6.21,1211314,84268,55001,29267,34.73
"309","E09000016",1211315,"Havering",97199,95507,1692,1.74,1211315,97199,71698,25501,26.24
"310","E09000017",1211316,"Hillingdon",100214,94899,5315,5.3,1211316,100214,63011,37203,37.12
"311","E09000018",1211317,"Hounslow",94902,87939,6963,7.34,1211317,94902,47562,47340,49.88
"312","E09000019",1211318,"Islington",93556,89217,4339,4.64,1211318,93556,26564,66992,71.61
"313","E09000020",1211319,"Kensington and Chelsea",78536,75417,3119,3.97,1211319,78536,28007,50529,64.34
"314","E09000021",1211320,"Kingston upon Thames",63639,61952,1687,2.65,1211320,63639,40762,22877,35.95
"315","E09000022",1211321,"Lambeth",130017,122806,7211,5.55,1211321,130017,42885,87132,67.02
"316","E09000023",1211322,"Lewisham",116091,109585,6506,5.6,1211322,116091,49228,66863,57.6
"317","E09000024",1211323,"Merton",78757,75263,3494,4.44,1211323,78757,46689,32068,40.72
"318","E09000025",1211324,"Newham",101519,86305,15214,14.99,1211324,101519,33822,67697,66.68
"319","E09000026",1211325,"Redbridge",99105,92946,6159,6.21,1211325,99105,62983,36122,36.45
"320","E09000027",1211326,"Richmond upon Thames",79835,78612,1223,1.53,1211326,79835,50750,29085,36.43
"321","E09000028",1211327,"Southwark",120422,111879,8543,7.09,1211327,120422,35330,85092,70.66
"322","E09000029",1211328,"Sutton",78174,76360,1814,2.32,1211328,78174,53152,25022,32.01
"323","E09000030",1211329,"Tower Hamlets",101257,90681,10576,10.44,1211329,101257,24552,76705,75.75
"324","E09000031",1211330,"Waltham Forest",96861,88846,8015,8.27,1211330,96861,48361,48500,50.07
"325","E09000032",1211331,"Wandsworth",130493,125515,4978,3.81,1211331,130493,59393,71100,54.49
"326","E09000033",1211332,"Westminster",105772,100097,5675,5.37,1211332,105772,32287,73485,69.47
"327","W06000001",1239984,"Isle of Anglesey",30594,30351,243,0.79,1239984,30594,20971,9623,31.45
"328","W06000002",1239985,"Gwynedd",52473,51909,564,1.07,1239985,52473,34324,18149,34.59
"329","W06000003",1239986,"Conwy",51177,50738,439,0.86,1239986,51177,35501,15676,30.63
"330","W06000004",1239987,"Denbighshire",40546,40155,391,0.96,1239987,40546,27792,12754,31.46
"331","W06000005",1239988,"Flintshire",63781,63154,627,0.98,1239988,63781,46451,17330,27.17
"332","W06000006",1239989,"Wrexham",57029,56343,686,1.2,1239989,57029,36272,20757,36.4
"333","W06000008",1239990,"Ceredigion",31562,31251,311,0.99,1239990,31562,21323,10239,32.44
"334","W06000009",1239991,"Pembrokeshire",53122,52610,512,0.96,1239991,53122,36558,16564,31.18
"335","W06000010",1239992,"Carmarthenshire",78829,78176,653,0.83,1239992,78829,56326,22503,28.55
"336","W06000011",1239993,"Swansea",103497,102396,1101,1.06,1239993,103497,66259,37238,35.98
"337","W06000012",1239994,"Neath Port Talbot",60393,59955,438,0.73,1239994,60393,41479,18914,31.32
"338","W06000013",1239995,"Bridgend",58515,58082,433,0.74,1239995,58515,42348,16167,27.63
"339","W06000014",1239996,"The Vale of Glamorgan",53505,53102,403,0.75,1239996,53505,38647,14858,27.77
"340","W06000015",1239997,"Cardiff",142557,139971,2586,1.81,1239997,142557,84262,58295,40.89
"341","W06000016",1239998,"Rhondda Cynon Taf",99663,98695,968,0.97,1239998,99663,70760,28903,29
"342","W06000018",1239999,"Caerphilly",74479,73669,810,1.09,1239999,74479,51632,22847,30.68
"343","W06000019",1240000,"Blaenau Gwent",30416,30029,387,1.27,1240000,30416,18884,11532,37.91
"344","W06000020",1240001,"Torfaen",38524,38103,421,1.09,1240001,38524,25518,13006,33.76
"345","W06000021",1240002,"Monmouthshire",38233,37928,305,0.8,1240002,38233,28142,10091,26.39
"346","W06000022",1240003,"Newport",61172,60234,938,1.53,1240003,61172,39272,21900,35.8
"347","W06000023",1240004,"Powys",58345,57913,432,0.74,1240004,58345,40090,18255,31.29
"348","W06000024",1240005,"Merthyr Tydfil",24264,23948,316,1.3,1240005,24264,15843,8421,34.71
